starting range_test (this could take a while)
floating point scalar image 0 135 0 255
74 255 27 255
0 136 0 255
73 255 26 255
0 137 0 255
72 255 25 255
0 138 0 255
71 255 24 255
0 139 0 255
70 255 23 255
0 140 0 255
69 255 22 255
0 141 0 255
68 255 21 255
0 142 0 255
67 255 20 255
0 143 0 255
66 255 19 255
0 144 0 255
65 255 18 255
0 145 0 255
64 255 17 255
0 146 0 255
63 255 16 255
0 147 0 255
floating point vector image 0 135 0 255
74 255 27 255
0 136 0 255
73 255 26 255
0 137 0 255
72 255 25 255
0 138 0 255
71 255 24 255
0 139 0 255
70 255 23 255
0 140 0 255
69 255 22 255
0 141 0 255
68 255 21 255
0 142 0 255
67 255 20 255
0 143 0 255
66 255 19 255
0 144 0 255
65 255 18 255
0 145 0 255
64 255 17 255
0 146 0 255
63 255 16 255
0 147 0 255
comparing full range floating point images
YUYV [19 174 236 131] pixel 17259558 [23 1 100 255] !=  [23 0 100 255] difference 1 G
YUYV [20 174 235 131] pixel 17259560 [24 2 101 255] !=  [24 1 101 255] difference 1 G
YUYV [21 174 234 131] pixel 17259562 [25 3 102 255] !=  [25 2 102 255] difference 1 G
YUYV [22 174 233 131] pixel 17259564 [26 4 103 255] !=  [26 3 103 255] difference 1 G
YUYV [23 174 232 131] pixel 17259566 [27 5 104 255] !=  [27 4 104 255] difference 1 G
YUYV [24 174 231 131] pixel 17259568 [28 6 105 255] !=  [28 5 105 255] difference 1 G
YUYV [25 174 230 131] pixel 17259570 [29 7 106 255] !=  [29 6 106 255] difference 1 G
YUYV [26 174 229 131] pixel 17259572 [30 8 107 255] !=  [30 7 107 255] difference 1 G
YUYV [80 174 175 131] pixel 17259680 [84 62 161 255] !=  [84 61 161 255] difference 1 G
YUYV [81 174 174 131] pixel 17259682 [85 63 162 255] !=  [85 62 162 255] difference 1 G
YUYV [82 174 173 131] pixel 17259684 [86 64 163 255] !=  [86 63 163 255] difference 1 G
YUYV [83 174 172 131] pixel 17259686 [87 65 164 255] !=  [87 64 164 255] difference 1 G
YUYV [84 174 171 131] pixel 17259688 [88 66 165 255] !=  [88 65 165 255] difference 1 G
YUYV [85 174 170 131] pixel 17259690 [89 67 166 255] !=  [89 66 166 255] difference 1 G
YUYV [86 174 169 131] pixel 17259692 [90 68 167 255] !=  [90 67 167 255] difference 1 G
YUYV [87 174 168 131] pixel 17259694 [91 69 168 255] !=  [91 68 168 255] difference 1 G
YUYV [88 174 167 131] pixel 17259696 [92 70 169 255] !=  [92 69 169 255] difference 1 G
YUYV [89 174 166 131] pixel 17259698 [93 71 170 255] !=  [93 70 170 255] difference 1 G
YUYV [90 174 165 131] pixel 17259700 [94 72 171 255] !=  [94 71 171 255] difference 1 G
YUYV [91 174 164 131] pixel 17259702 [95 73 172 255] !=  [95 72 172 255] difference 1 G
YUYV [92 174 163 131] pixel 17259704 [96 74 173 255] !=  [96 73 173 255] difference 1 G
YUYV [93 174 162 131] pixel 17259706 [97 75 174 255] !=  [97 74 174 255] difference 1 G
YUYV [94 174 161 131] pixel 17259708 [98 76 175 255] !=  [98 75 175 255] difference 1 G
YUYV [95 174 160 131] pixel 17259710 [99 77 176 255] !=  [99 76 176 255] difference 1 G
YUYV [96 174 159 131] pixel 17259712 [100 78 177 255] !=  [100 77 177 255] difference 1 G
YUYV [97 174 158 131] pixel 17259714 [101 79 178 255] !=  [101 78 178 255] difference 1 G
YUYV [98 174 157 131] pixel 17259716 [102 80 179 255] !=  [102 79 179 255] difference 1 G
YUYV [99 174 156 131] pixel 17259718 [103 81 180 255] !=  [103 80 180 255] difference 1 G
YUYV [100 174 155 131] pixel 17259720 [104 82 181 255] !=  [104 81 181 255] difference 1 G
YUYV [101 174 154 131] pixel 17259722 [105 83 182 255] !=  [105 82 182 255] difference 1 G
YUYV [102 174 153 131] pixel 17259724 [106 84 183 255] !=  [106 83 183 255] difference 1 G
YUYV [103 174 152 131] pixel 17259726 [107 85 184 255] !=  [107 84 184 255] difference 1 G
YUYV [104 174 151 131] pixel 17259728 [108 86 185 255] !=  [108 85 185 255] difference 1 G
YUYV [105 174 150 131] pixel 17259730 [109 87 186 255] !=  [109 86 186 255] difference 1 G
YUYV [106 174 149 131] pixel 17259732 [110 88 187 255] !=  [110 87 187 255] difference 1 G
YUYV [107 174 148 131] pixel 17259734 [111 89 188 255] !=  [111 88 188 255] difference 1 G
YUYV [108 174 147 131] pixel 17259736 [112 90 189 255] !=  [112 89 189 255] difference 1 G
YUYV [109 174 146 131] pixel 17259738 [113 91 190 255] !=  [113 90 190 255] difference 1 G
YUYV [109 174 146 131] pixel 17259739 [150 128 227 255] !=  [150 127 227 255] difference 1 G
YUYV [110 174 145 131] pixel 17259740 [114 92 191 255] !=  [114 91 191 255] difference 1 G
YUYV [110 174 145 131] pixel 17259741 [149 127 226 255] !=  [149 126 226 255] difference 1 G
YUYV [111 174 144 131] pixel 17259742 [115 93 192 255] !=  [115 92 192 255] difference 1 G
YUYV [111 174 144 131] pixel 17259743 [148 126 225 255] !=  [148 125 225 255] difference 1 G
YUYV [112 174 143 131] pixel 17259744 [116 94 193 255] !=  [116 93 193 255] difference 1 G
YUYV [112 174 143 131] pixel 17259745 [147 125 224 255] !=  [147 124 224 255] difference 1 G
YUYV [113 174 142 131] pixel 17259746 [117 95 194 255] !=  [117 94 194 255] difference 1 G
YUYV [113 174 142 131] pixel 17259747 [146 124 223 255] !=  [146 123 223 255] difference 1 G
YUYV [114 174 141 131] pixel 17259748 [118 96 195 255] !=  [118 95 195 255] difference 1 G
YUYV [114 174 141 131] pixel 17259749 [145 123 222 255] !=  [145 122 222 255] difference 1 G
YUYV [115 174 140 131] pixel 17259750 [119 97 196 255] !=  [119 96 196 255] difference 1 G
YUYV [115 174 140 131] pixel 17259751 [144 122 221 255] !=  [144 121 221 255] difference 1 G
YUYV [116 174 139 131] pixel 17259752 [120 98 197 255] !=  [120 97 197 255] difference 1 G
YUYV [116 174 139 131] pixel 17259753 [143 121 220 255] !=  [143 120 220 255] difference 1 G
YUYV [117 174 138 131] pixel 17259754 [121 99 198 255] !=  [121 98 198 255] difference 1 G
YUYV [117 174 138 131] pixel 17259755 [142 120 219 255] !=  [142 119 219 255] difference 1 G
YUYV [118 174 137 131] pixel 17259756 [122 100 199 255] !=  [122 99 199 255] difference 1 G
YUYV [118 174 137 131] pixel 17259757 [141 119 218 255] !=  [141 118 218 255] difference 1 G
YUYV [119 174 136 131] pixel 17259758 [123 101 200 255] !=  [123 100 200 255] difference 1 G
YUYV [119 174 136 131] pixel 17259759 [140 118 217 255] !=  [140 117 217 255] difference 1 G
YUYV [120 174 135 131] pixel 17259760 [124 102 201 255] !=  [124 101 201 255] difference 1 G
YUYV [120 174 135 131] pixel 17259761 [139 117 216 255] !=  [139 116 216 255] difference 1 G
YUYV [121 174 134 131] pixel 17259762 [125 103 202 255] !=  [125 102 202 255] difference 1 G
YUYV [121 174 134 131] pixel 17259763 [138 116 215 255] !=  [138 115 215 255] difference 1 G
YUYV [122 174 133 131] pixel 17259764 [126 104 203 255] !=  [126 103 203 255] difference 1 G
YUYV [122 174 133 131] pixel 17259765 [137 115 214 255] !=  [137 114 214 255] difference 1 G
YUYV [123 174 132 131] pixel 17259766 [127 105 204 255] !=  [127 104 204 255] difference 1 G
YUYV [123 174 132 131] pixel 17259767 [136 114 213 255] !=  [136 113 213 255] difference 1 G
YUYV [124 174 131 131] pixel 17259768 [128 106 205 255] !=  [128 105 205 255] difference 1 G
YUYV [124 174 131 131] pixel 17259769 [135 113 212 255] !=  [135 112 212 255] difference 1 G
YUYV [125 174 130 131] pixel 17259770 [129 107 206 255] !=  [129 106 206 255] difference 1 G
YUYV [125 174 130 131] pixel 17259771 [134 112 211 255] !=  [134 111 211 255] difference 1 G
YUYV [126 174 129 131] pixel 17259772 [130 108 207 255] !=  [130 107 207 255] difference 1 G
YUYV [126 174 129 131] pixel 17259773 [133 111 210 255] !=  [133 110 210 255] difference 1 G
YUYV [127 174 128 131] pixel 17259774 [131 109 208 255] !=  [131 108 208 255] difference 1 G
YUYV [127 174 128 131] pixel 17259775 [132 110 209 255] !=  [132 109 209 255] difference 1 G
YUYV [128 174 127 131] pixel 17259776 [132 110 209 255] !=  [132 109 209 255] difference 1 G
YUYV [128 174 127 131] pixel 17259777 [131 109 208 255] !=  [131 108 208 255] difference 1 G
YUYV [129 174 126 131] pixel 17259778 [133 111 210 255] !=  [133 110 210 255] difference 1 G
YUYV [129 174 126 131] pixel 17259779 [130 108 207 255] !=  [130 107 207 255] difference 1 G
YUYV [130 174 125 131] pixel 17259780 [134 112 211 255] !=  [134 111 211 255] difference 1 G
YUYV [130 174 125 131] pixel 17259781 [129 107 206 255] !=  [129 106 206 255] difference 1 G
YUYV [131 174 124 131] pixel 17259782 [135 113 212 255] !=  [135 112 212 255] difference 1 G
YUYV [131 174 124 131] pixel 17259783 [128 106 205 255] !=  [128 105 205 255] difference 1 G
YUYV [132 174 123 131] pixel 17259784 [136 114 213 255] !=  [136 113 213 255] difference 1 G
YUYV [132 174 123 131] pixel 17259785 [127 105 204 255] !=  [127 104 204 255] difference 1 G
YUYV [133 174 122 131] pixel 17259786 [137 115 214 255] !=  [137 114 214 255] difference 1 G
YUYV [133 174 122 131] pixel 17259787 [126 104 203 255] !=  [126 103 203 255] difference 1 G
YUYV [134 174 121 131] pixel 17259788 [138 116 215 255] !=  [138 115 215 255] difference 1 G
YUYV [134 174 121 131] pixel 17259789 [125 103 202 255] !=  [125 102 202 255] difference 1 G
YUYV [135 174 120 131] pixel 17259790 [139 117 216 255] !=  [139 116 216 255] difference 1 G
YUYV [135 174 120 131] pixel 17259791 [124 102 201 255] !=  [124 101 201 255] difference 1 G
YUYV [136 174 119 131] pixel 17259792 [140 118 217 255] !=  [140 117 217 255] difference 1 G
YUYV [136 174 119 131] pixel 17259793 [123 101 200 255] !=  [123 100 200 255] difference 1 G
YUYV [137 174 118 131] pixel 17259794 [141 119 218 255] !=  [141 118 218 255] difference 1 G
YUYV [137 174 118 131] pixel 17259795 [122 100 199 255] !=  [122 99 199 255] difference 1 G
YUYV [138 174 117 131] pixel 17259796 [142 120 219 255] !=  [142 119 219 255] difference 1 G
YUYV [138 174 117 131] pixel 17259797 [121 99 198 255] !=  [121 98 198 255] difference 1 G
YUYV [139 174 116 131] pixel 17259798 [143 121 220 255] !=  [143 120 220 255] difference 1 G
YUYV [139 174 116 131] pixel 17259799 [120 98 197 255] !=  [120 97 197 255] difference 1 G
YUYV [140 174 115 131] pixel 17259800 [144 122 221 255] !=  [144 121 221 255] difference 1 G
YUYV [140 174 115 131] pixel 17259801 [119 97 196 255] !=  [119 96 196 255] difference 1 G
YUYV [141 174 114 131] pixel 17259802 [145 123 222 255] !=  [145 122 222 255] difference 1 G
YUYV [141 174 114 131] pixel 17259803 [118 96 195 255] !=  [118 95 195 255] difference 1 G
YUYV [142 174 113 131] pixel 17259804 [146 124 223 255] !=  [146 123 223 255] difference 1 G
YUYV [142 174 113 131] pixel 17259805 [117 95 194 255] !=  [117 94 194 255] difference 1 G
YUYV [143 174 112 131] pixel 17259806 [147 125 224 255] !=  [147 124 224 255] difference 1 G
YUYV [143 174 112 131] pixel 17259807 [116 94 193 255] !=  [116 93 193 255] difference 1 G
YUYV [144 174 111 131] pixel 17259808 [148 126 225 255] !=  [148 125 225 255] difference 1 G
YUYV [144 174 111 131] pixel 17259809 [115 93 192 255] !=  [115 92 192 255] difference 1 G
YUYV [145 174 110 131] pixel 17259810 [149 127 226 255] !=  [149 126 226 255] difference 1 G
YUYV [145 174 110 131] pixel 17259811 [114 92 191 255] !=  [114 91 191 255] difference 1 G
YUYV [146 174 109 131] pixel 17259812 [150 128 227 255] !=  [150 127 227 255] difference 1 G
YUYV [146 174 109 131] pixel 17259813 [113 91 190 255] !=  [113 90 190 255] difference 1 G
YUYV [147 174 108 131] pixel 17259815 [112 90 189 255] !=  [112 89 189 255] difference 1 G
YUYV [148 174 107 131] pixel 17259817 [111 89 188 255] !=  [111 88 188 255] difference 1 G
YUYV [149 174 106 131] pixel 17259819 [110 88 187 255] !=  [110 87 187 255] difference 1 G
YUYV [150 174 105 131] pixel 17259821 [109 87 186 255] !=  [109 86 186 255] difference 1 G
YUYV [151 174 104 131] pixel 17259823 [108 86 185 255] !=  [108 85 185 255] difference 1 G
YUYV [152 174 103 131] pixel 17259825 [107 85 184 255] !=  [107 84 184 255] difference 1 G
YUYV [153 174 102 131] pixel 17259827 [106 84 183 255] !=  [106 83 183 255] difference 1 G
YUYV [154 174 101 131] pixel 17259829 [105 83 182 255] !=  [105 82 182 255] difference 1 G
YUYV [155 174 100 131] pixel 17259831 [104 82 181 255] !=  [104 81 181 255] difference 1 G
YUYV [156 174 99 131] pixel 17259833 [103 81 180 255] !=  [103 80 180 255] difference 1 G
YUYV [157 174 98 131] pixel 17259835 [102 80 179 255] !=  [102 79 179 255] difference 1 G
YUYV [158 174 97 131] pixel 17259837 [101 79 178 255] !=  [101 78 178 255] difference 1 G
YUYV [159 174 96 131] pixel 17259839 [100 78 177 255] !=  [100 77 177 255] difference 1 G
YUYV [160 174 95 131] pixel 17259841 [99 77 176 255] !=  [99 76 176 255] difference 1 G
YUYV [161 174 94 131] pixel 17259843 [98 76 175 255] !=  [98 75 175 255] difference 1 G
YUYV [162 174 93 131] pixel 17259845 [97 75 174 255] !=  [97 74 174 255] difference 1 G
YUYV [163 174 92 131] pixel 17259847 [96 74 173 255] !=  [96 73 173 255] difference 1 G
YUYV [164 174 91 131] pixel 17259849 [95 73 172 255] !=  [95 72 172 255] difference 1 G
YUYV [165 174 90 131] pixel 17259851 [94 72 171 255] !=  [94 71 171 255] difference 1 G
YUYV [166 174 89 131] pixel 17259853 [93 71 170 255] !=  [93 70 170 255] difference 1 G
YUYV [167 174 88 131] pixel 17259855 [92 70 169 255] !=  [92 69 169 255] difference 1 G
YUYV [168 174 87 131] pixel 17259857 [91 69 168 255] !=  [91 68 168 255] difference 1 G
YUYV [169 174 86 131] pixel 17259859 [90 68 167 255] !=  [90 67 167 255] difference 1 G
YUYV [170 174 85 131] pixel 17259861 [89 67 166 255] !=  [89 66 166 255] difference 1 G
YUYV [171 174 84 131] pixel 17259863 [88 66 165 255] !=  [88 65 165 255] difference 1 G
YUYV [172 174 83 131] pixel 17259865 [87 65 164 255] !=  [87 64 164 255] difference 1 G
YUYV [173 174 82 131] pixel 17259867 [86 64 163 255] !=  [86 63 163 255] difference 1 G
YUYV [174 174 81 131] pixel 17259869 [85 63 162 255] !=  [85 62 162 255] difference 1 G
YUYV [175 174 80 131] pixel 17259871 [84 62 161 255] !=  [84 61 161 255] difference 1 G
YUYV [229 174 26 131] pixel 17259979 [30 8 107 255] !=  [30 7 107 255] difference 1 G
YUYV [230 174 25 131] pixel 17259981 [29 7 106 255] !=  [29 6 106 255] difference 1 G
YUYV [231 174 24 131] pixel 17259983 [28 6 105 255] !=  [28 5 105 255] difference 1 G
YUYV [232 174 23 131] pixel 17259985 [27 5 104 255] !=  [27 4 104 255] difference 1 G
YUYV [233 174 22 131] pixel 17259987 [26 4 103 255] !=  [26 3 103 255] difference 1 G
YUYV [234 174 21 131] pixel 17259989 [25 3 102 255] !=  [25 2 102 255] difference 1 G
YUYV [235 174 20 131] pixel 17259991 [24 2 101 255] !=  [24 1 101 255] difference 1 G
YUYV [236 174 19 131] pixel 17259993 [23 1 100 255] !=  [23 0 100 255] difference 1 G
YUYV [0 220 255 134] pixel 17676289 [255 219 255 255] !=  [255 218 255 255] difference 1 G
YUYV [1 220 254 134] pixel 17676291 [255 218 255 255] !=  [255 217 255 255] difference 1 G
YUYV [2 220 253 134] pixel 17676293 [255 217 255 255] !=  [255 216 255 255] difference 1 G
YUYV [3 220 252 134] pixel 17676295 [255 216 255 255] !=  [255 215 255 255] difference 1 G
YUYV [4 220 251 134] pixel 17676297 [255 215 255 255] !=  [255 214 255 255] difference 1 G
YUYV [5 220 250 134] pixel 17676299 [255 214 255 255] !=  [255 213 255 255] difference 1 G
YUYV [6 220 249 134] pixel 17676301 [255 213 255 255] !=  [255 212 255 255] difference 1 G
YUYV [7 220 248 134] pixel 17676303 [255 212 255 255] !=  [255 211 255 255] difference 1 G
YUYV [8 220 247 134] pixel 17676305 [255 211 255 255] !=  [255 210 255 255] difference 1 G
YUYV [9 220 246 134] pixel 17676307 [254 210 255 255] !=  [254 209 255 255] difference 1 G
YUYV [10 220 245 134] pixel 17676309 [253 209 255 255] !=  [253 208 255 255] difference 1 G
YUYV [11 220 244 134] pixel 17676311 [252 208 255 255] !=  [252 207 255 255] difference 1 G
YUYV [12 220 243 134] pixel 17676313 [251 207 255 255] !=  [251 206 255 255] difference 1 G
YUYV [13 220 242 134] pixel 17676315 [250 206 255 255] !=  [250 205 255 255] difference 1 G
YUYV [14 220 241 134] pixel 17676317 [249 205 255 255] !=  [249 204 255 255] difference 1 G
YUYV [15 220 240 134] pixel 17676319 [248 204 255 255] !=  [248 203 255 255] difference 1 G
YUYV [16 220 239 134] pixel 17676321 [247 203 255 255] !=  [247 202 255 255] difference 1 G
YUYV [17 220 238 134] pixel 17676323 [246 202 255 255] !=  [246 201 255 255] difference 1 G
YUYV [18 220 237 134] pixel 17676325 [245 201 255 255] !=  [245 200 255 255] difference 1 G
YUYV [19 220 236 134] pixel 17676327 [244 200 255 255] !=  [244 199 255 255] difference 1 G
YUYV [20 220 235 134] pixel 17676329 [243 199 255 255] !=  [243 198 255 255] difference 1 G
YUYV [21 220 234 134] pixel 17676331 [242 198 255 255] !=  [242 197 255 255] difference 1 G
YUYV [22 220 233 134] pixel 17676333 [241 197 255 255] !=  [241 196 255 255] difference 1 G
YUYV [23 220 232 134] pixel 17676335 [240 196 255 255] !=  [240 195 255 255] difference 1 G
YUYV [24 220 231 134] pixel 17676337 [239 195 255 255] !=  [239 194 255 255] difference 1 G
YUYV [25 220 230 134] pixel 17676339 [238 194 255 255] !=  [238 193 255 255] difference 1 G
YUYV [26 220 229 134] pixel 17676341 [237 193 255 255] !=  [237 192 255 255] difference 1 G
YUYV [27 220 228 134] pixel 17676343 [236 192 255 255] !=  [236 191 255 255] difference 1 G
YUYV [28 220 227 134] pixel 17676345 [235 191 255 255] !=  [235 190 255 255] difference 1 G
YUYV [29 220 226 134] pixel 17676347 [234 190 255 255] !=  [234 189 255 255] difference 1 G
YUYV [30 220 225 134] pixel 17676349 [233 189 255 255] !=  [233 188 255 255] difference 1 G
YUYV [31 220 224 134] pixel 17676351 [232 188 255 255] !=  [232 187 255 255] difference 1 G
YUYV [32 220 223 134] pixel 17676353 [231 187 255 255] !=  [231 186 255 255] difference 1 G
YUYV [33 220 222 134] pixel 17676355 [230 186 255 255] !=  [230 185 255 255] difference 1 G
YUYV [34 220 221 134] pixel 17676357 [229 185 255 255] !=  [229 184 255 255] difference 1 G
YUYV [35 220 220 134] pixel 17676359 [228 184 255 255] !=  [228 183 255 255] difference 1 G
YUYV [36 220 219 134] pixel 17676361 [227 183 255 255] !=  [227 182 255 255] difference 1 G
YUYV [37 220 218 134] pixel 17676362 [45 1 200 255] !=  [45 0 200 255] difference 1 G
YUYV [37 220 218 134] pixel 17676363 [226 182 255 255] !=  [226 181 255 255] difference 1 G
YUYV [38 220 217 134] pixel 17676364 [46 2 201 255] !=  [46 1 201 255] difference 1 G
YUYV [38 220 217 134] pixel 17676365 [225 181 255 255] !=  [225 180 255 255] difference 1 G
YUYV [39 220 216 134] pixel 17676366 [47 3 202 255] !=  [47 2 202 255] difference 1 G
YUYV [39 220 216 134] pixel 17676367 [224 180 255 255] !=  [224 179 255 255] difference 1 G
YUYV [40 220 215 134] pixel 17676368 [48 4 203 255] !=  [48 3 203 255] difference 1 G
YUYV [40 220 215 134] pixel 17676369 [223 179 255 255] !=  [223 178 255 255] difference 1 G
YUYV [41 220 214 134] pixel 17676370 [49 5 204 255] !=  [49 4 204 255] difference 1 G
YUYV [41 220 214 134] pixel 17676371 [222 178 255 255] !=  [222 177 255 255] difference 1 G
YUYV [42 220 213 134] pixel 17676372 [50 6 205 255] !=  [50 5 205 255] difference 1 G
YUYV [42 220 213 134] pixel 17676373 [221 177 255 255] !=  [221 176 255 255] difference 1 G
YUYV [43 220 212 134] pixel 17676374 [51 7 206 255] !=  [51 6 206 255] difference 1 G
YUYV [43 220 212 134] pixel 17676375 [220 176 255 255] !=  [220 175 255 255] difference 1 G
YUYV [44 220 211 134] pixel 17676376 [52 8 207 255] !=  [52 7 207 255] difference 1 G
YUYV [44 220 211 134] pixel 17676377 [219 175 255 255] !=  [219 174 255 255] difference 1 G
YUYV [45 220 210 134] pixel 17676378 [53 9 208 255] !=  [53 8 208 255] difference 1 G
YUYV [45 220 210 134] pixel 17676379 [218 174 255 255] !=  [218 173 255 255] difference 1 G
YUYV [46 220 209 134] pixel 17676380 [54 10 209 255] !=  [54 9 209 255] difference 1 G
YUYV [46 220 209 134] pixel 17676381 [217 173 255 255] !=  [217 172 255 255] difference 1 G
YUYV [47 220 208 134] pixel 17676382 [55 11 210 255] !=  [55 10 210 255] difference 1 G
YUYV [47 220 208 134] pixel 17676383 [216 172 255 255] !=  [216 171 255 255] difference 1 G
YUYV [48 220 207 134] pixel 17676384 [56 12 211 255] !=  [56 11 211 255] difference 1 G
YUYV [48 220 207 134] pixel 17676385 [215 171 255 255] !=  [215 170 255 255] difference 1 G
YUYV [49 220 206 134] pixel 17676386 [57 13 212 255] !=  [57 12 212 255] difference 1 G
YUYV [49 220 206 134] pixel 17676387 [214 170 255 255] !=  [214 169 255 255] difference 1 G
YUYV [50 220 205 134] pixel 17676388 [58 14 213 255] !=  [58 13 213 255] difference 1 G
YUYV [50 220 205 134] pixel 17676389 [213 169 255 255] !=  [213 168 255 255] difference 1 G
YUYV [51 220 204 134] pixel 17676390 [59 15 214 255] !=  [59 14 214 255] difference 1 G
YUYV [51 220 204 134] pixel 17676391 [212 168 255 255] !=  [212 167 255 255] difference 1 G
YUYV [52 220 203 134] pixel 17676392 [60 16 215 255] !=  [60 15 215 255] difference 1 G
YUYV [52 220 203 134] pixel 17676393 [211 167 255 255] !=  [211 166 255 255] difference 1 G
YUYV [53 220 202 134] pixel 17676395 [210 166 255 255] !=  [210 165 255 255] difference 1 G
YUYV [54 220 201 134] pixel 17676397 [209 165 255 255] !=  [209 164 255 255] difference 1 G
YUYV [55 220 200 134] pixel 17676399 [208 164 255 255] !=  [208 163 255 255] difference 1 G
YUYV [56 220 199 134] pixel 17676401 [207 163 255 255] !=  [207 162 255 255] difference 1 G
YUYV [57 220 198 134] pixel 17676403 [206 162 255 255] !=  [206 161 255 255] difference 1 G
YUYV [58 220 197 134] pixel 17676405 [205 161 255 255] !=  [205 160 255 255] difference 1 G
YUYV [59 220 196 134] pixel 17676407 [204 160 255 255] !=  [204 159 255 255] difference 1 G
YUYV [60 220 195 134] pixel 17676409 [203 159 255 255] !=  [203 158 255 255] difference 1 G
YUYV [61 220 194 134] pixel 17676411 [202 158 255 255] !=  [202 157 255 255] difference 1 G
YUYV [62 220 193 134] pixel 17676413 [201 157 255 255] !=  [201 156 255 255] difference 1 G
YUYV [63 220 192 134] pixel 17676415 [200 156 255 255] !=  [200 155 255 255] difference 1 G
YUYV [64 220 191 134] pixel 17676417 [199 155 255 255] !=  [199 154 255 255] difference 1 G
YUYV [65 220 190 134] pixel 17676419 [198 154 255 255] !=  [198 153 255 255] difference 1 G
YUYV [66 220 189 134] pixel 17676421 [197 153 255 255] !=  [197 152 255 255] difference 1 G
YUYV [67 220 188 134] pixel 17676423 [196 152 255 255] !=  [196 151 255 255] difference 1 G
YUYV [68 220 187 134] pixel 17676425 [195 151 255 255] !=  [195 150 255 255] difference 1 G
YUYV [69 220 186 134] pixel 17676427 [194 150 255 255] !=  [194 149 255 255] difference 1 G
YUYV [70 220 185 134] pixel 17676429 [193 149 255 255] !=  [193 148 255 255] difference 1 G
YUYV [71 220 184 134] pixel 17676431 [192 148 255 255] !=  [192 147 255 255] difference 1 G
YUYV [72 220 183 134] pixel 17676433 [191 147 255 255] !=  [191 146 255 255] difference 1 G
YUYV [73 220 182 134] pixel 17676435 [190 146 255 255] !=  [190 145 255 255] difference 1 G
YUYV [74 220 181 134] pixel 17676437 [189 145 255 255] !=  [189 144 255 255] difference 1 G
YUYV [75 220 180 134] pixel 17676439 [188 144 255 255] !=  [188 143 255 255] difference 1 G
YUYV [76 220 179 134] pixel 17676441 [187 143 255 255] !=  [187 142 255 255] difference 1 G
YUYV [77 220 178 134] pixel 17676443 [186 142 255 255] !=  [186 141 255 255] difference 1 G
YUYV [78 220 177 134] pixel 17676445 [185 141 255 255] !=  [185 140 255 255] difference 1 G
YUYV [79 220 176 134] pixel 17676447 [184 140 255 255] !=  [184 139 255 255] difference 1 G
YUYV [80 220 175 134] pixel 17676449 [183 139 255 255] !=  [183 138 255 255] difference 1 G
YUYV [81 220 174 134] pixel 17676451 [182 138 255 255] !=  [182 137 255 255] difference 1 G
YUYV [82 220 173 134] pixel 17676453 [181 137 255 255] !=  [181 136 255 255] difference 1 G
YUYV [83 220 172 134] pixel 17676455 [180 136 255 255] !=  [180 135 255 255] difference 1 G
YUYV [84 220 171 134] pixel 17676457 [179 135 255 255] !=  [179 134 255 255] difference 1 G
YUYV [85 220 170 134] pixel 17676459 [178 134 255 255] !=  [178 133 255 255] difference 1 G
YUYV [86 220 169 134] pixel 17676461 [177 133 255 255] !=  [177 132 255 255] difference 1 G
YUYV [87 220 168 134] pixel 17676463 [176 132 255 255] !=  [176 131 255 255] difference 1 G
YUYV [88 220 167 134] pixel 17676465 [175 131 255 255] !=  [175 130 255 255] difference 1 G
YUYV [89 220 166 134] pixel 17676467 [174 130 255 255] !=  [174 129 255 255] difference 1 G
YUYV [90 220 165 134] pixel 17676469 [173 129 255 255] !=  [173 128 255 255] difference 1 G
YUYV [91 220 164 134] pixel 17676471 [172 128 255 255] !=  [172 127 255 255] difference 1 G
YUYV [92 220 163 134] pixel 17676473 [171 127 255 255] !=  [171 126 255 255] difference 1 G
YUYV [93 220 162 134] pixel 17676475 [170 126 255 255] !=  [170 125 255 255] difference 1 G
YUYV [94 220 161 134] pixel 17676477 [169 125 255 255] !=  [169 124 255 255] difference 1 G
YUYV [95 220 160 134] pixel 17676479 [168 124 255 255] !=  [168 123 255 255] difference 1 G
YUYV [160 220 95 134] pixel 17676608 [168 124 255 255] !=  [168 123 255 255] difference 1 G
YUYV [161 220 94 134] pixel 17676610 [169 125 255 255] !=  [169 124 255 255] difference 1 G
YUYV [162 220 93 134] pixel 17676612 [170 126 255 255] !=  [170 125 255 255] difference 1 G
YUYV [163 220 92 134] pixel 17676614 [171 127 255 255] !=  [171 126 255 255] difference 1 G
YUYV [164 220 91 134] pixel 17676616 [172 128 255 255] !=  [172 127 255 255] difference 1 G
YUYV [165 220 90 134] pixel 17676618 [173 129 255 255] !=  [173 128 255 255] difference 1 G
YUYV [166 220 89 134] pixel 17676620 [174 130 255 255] !=  [174 129 255 255] difference 1 G
YUYV [167 220 88 134] pixel 17676622 [175 131 255 255] !=  [175 130 255 255] difference 1 G
YUYV [168 220 87 134] pixel 17676624 [176 132 255 255] !=  [176 131 255 255] difference 1 G
YUYV [169 220 86 134] pixel 17676626 [177 133 255 255] !=  [177 132 255 255] difference 1 G
YUYV [170 220 85 134] pixel 17676628 [178 134 255 255] !=  [178 133 255 255] difference 1 G
YUYV [171 220 84 134] pixel 17676630 [179 135 255 255] !=  [179 134 255 255] difference 1 G
YUYV [172 220 83 134] pixel 17676632 [180 136 255 255] !=  [180 135 255 255] difference 1 G
YUYV [173 220 82 134] pixel 17676634 [181 137 255 255] !=  [181 136 255 255] difference 1 G
YUYV [174 220 81 134] pixel 17676636 [182 138 255 255] !=  [182 137 255 255] difference 1 G
YUYV [175 220 80 134] pixel 17676638 [183 139 255 255] !=  [183 138 255 255] difference 1 G
YUYV [176 220 79 134] pixel 17676640 [184 140 255 255] !=  [184 139 255 255] difference 1 G
YUYV [177 220 78 134] pixel 17676642 [185 141 255 255] !=  [185 140 255 255] difference 1 G
YUYV [178 220 77 134] pixel 17676644 [186 142 255 255] !=  [186 141 255 255] difference 1 G
YUYV [179 220 76 134] pixel 17676646 [187 143 255 255] !=  [187 142 255 255] difference 1 G
YUYV [180 220 75 134] pixel 17676648 [188 144 255 255] !=  [188 143 255 255] difference 1 G
YUYV [181 220 74 134] pixel 17676650 [189 145 255 255] !=  [189 144 255 255] difference 1 G
YUYV [182 220 73 134] pixel 17676652 [190 146 255 255] !=  [190 145 255 255] difference 1 G
YUYV [183 220 72 134] pixel 17676654 [191 147 255 255] !=  [191 146 255 255] difference 1 G
YUYV [184 220 71 134] pixel 17676656 [192 148 255 255] !=  [192 147 255 255] difference 1 G
YUYV [185 220 70 134] pixel 17676658 [193 149 255 255] !=  [193 148 255 255] difference 1 G
YUYV [186 220 69 134] pixel 17676660 [194 150 255 255] !=  [194 149 255 255] difference 1 G
YUYV [187 220 68 134] pixel 17676662 [195 151 255 255] !=  [195 150 255 255] difference 1 G
YUYV [188 220 67 134] pixel 17676664 [196 152 255 255] !=  [196 151 255 255] difference 1 G
YUYV [189 220 66 134] pixel 17676666 [197 153 255 255] !=  [197 152 255 255] difference 1 G
YUYV [190 220 65 134] pixel 17676668 [198 154 255 255] !=  [198 153 255 255] difference 1 G
YUYV [191 220 64 134] pixel 17676670 [199 155 255 255] !=  [199 154 255 255] difference 1 G
YUYV [192 220 63 134] pixel 17676672 [200 156 255 255] !=  [200 155 255 255] difference 1 G
YUYV [193 220 62 134] pixel 17676674 [201 157 255 255] !=  [201 156 255 255] difference 1 G
YUYV [194 220 61 134] pixel 17676676 [202 158 255 255] !=  [202 157 255 255] difference 1 G
YUYV [195 220 60 134] pixel 17676678 [203 159 255 255] !=  [203 158 255 255] difference 1 G
YUYV [196 220 59 134] pixel 17676680 [204 160 255 255] !=  [204 159 255 255] difference 1 G
YUYV [197 220 58 134] pixel 17676682 [205 161 255 255] !=  [205 160 255 255] difference 1 G
YUYV [198 220 57 134] pixel 17676684 [206 162 255 255] !=  [206 161 255 255] difference 1 G
YUYV [199 220 56 134] pixel 17676686 [207 163 255 255] !=  [207 162 255 255] difference 1 G
YUYV [200 220 55 134] pixel 17676688 [208 164 255 255] !=  [208 163 255 255] difference 1 G
YUYV [201 220 54 134] pixel 17676690 [209 165 255 255] !=  [209 164 255 255] difference 1 G
YUYV [202 220 53 134] pixel 17676692 [210 166 255 255] !=  [210 165 255 255] difference 1 G
YUYV [203 220 52 134] pixel 17676694 [211 167 255 255] !=  [211 166 255 255] difference 1 G
YUYV [203 220 52 134] pixel 17676695 [60 16 215 255] !=  [60 15 215 255] difference 1 G
YUYV [204 220 51 134] pixel 17676696 [212 168 255 255] !=  [212 167 255 255] difference 1 G
YUYV [204 220 51 134] pixel 17676697 [59 15 214 255] !=  [59 14 214 255] difference 1 G
YUYV [205 220 50 134] pixel 17676698 [213 169 255 255] !=  [213 168 255 255] difference 1 G
YUYV [205 220 50 134] pixel 17676699 [58 14 213 255] !=  [58 13 213 255] difference 1 G
YUYV [206 220 49 134] pixel 17676700 [214 170 255 255] !=  [214 169 255 255] difference 1 G
YUYV [206 220 49 134] pixel 17676701 [57 13 212 255] !=  [57 12 212 255] difference 1 G
YUYV [207 220 48 134] pixel 17676702 [215 171 255 255] !=  [215 170 255 255] difference 1 G
YUYV [207 220 48 134] pixel 17676703 [56 12 211 255] !=  [56 11 211 255] difference 1 G
YUYV [208 220 47 134] pixel 17676704 [216 172 255 255] !=  [216 171 255 255] difference 1 G
YUYV [208 220 47 134] pixel 17676705 [55 11 210 255] !=  [55 10 210 255] difference 1 G
YUYV [209 220 46 134] pixel 17676706 [217 173 255 255] !=  [217 172 255 255] difference 1 G
YUYV [209 220 46 134] pixel 17676707 [54 10 209 255] !=  [54 9 209 255] difference 1 G
YUYV [210 220 45 134] pixel 17676708 [218 174 255 255] !=  [218 173 255 255] difference 1 G
YUYV [210 220 45 134] pixel 17676709 [53 9 208 255] !=  [53 8 208 255] difference 1 G
YUYV [211 220 44 134] pixel 17676710 [219 175 255 255] !=  [219 174 255 255] difference 1 G
YUYV [211 220 44 134] pixel 17676711 [52 8 207 255] !=  [52 7 207 255] difference 1 G
YUYV [212 220 43 134] pixel 17676712 [220 176 255 255] !=  [220 175 255 255] difference 1 G
YUYV [212 220 43 134] pixel 17676713 [51 7 206 255] !=  [51 6 206 255] difference 1 G
YUYV [213 220 42 134] pixel 17676714 [221 177 255 255] !=  [221 176 255 255] difference 1 G
YUYV [213 220 42 134] pixel 17676715 [50 6 205 255] !=  [50 5 205 255] difference 1 G
YUYV [214 220 41 134] pixel 17676716 [222 178 255 255] !=  [222 177 255 255] difference 1 G
YUYV [214 220 41 134] pixel 17676717 [49 5 204 255] !=  [49 4 204 255] difference 1 G
YUYV [215 220 40 134] pixel 17676718 [223 179 255 255] !=  [223 178 255 255] difference 1 G
YUYV [215 220 40 134] pixel 17676719 [48 4 203 255] !=  [48 3 203 255] difference 1 G
YUYV [216 220 39 134] pixel 17676720 [224 180 255 255] !=  [224 179 255 255] difference 1 G
YUYV [216 220 39 134] pixel 17676721 [47 3 202 255] !=  [47 2 202 255] difference 1 G
YUYV [217 220 38 134] pixel 17676722 [225 181 255 255] !=  [225 180 255 255] difference 1 G
YUYV [217 220 38 134] pixel 17676723 [46 2 201 255] !=  [46 1 201 255] difference 1 G
YUYV [218 220 37 134] pixel 17676724 [226 182 255 255] !=  [226 181 255 255] difference 1 G
YUYV [218 220 37 134] pixel 17676725 [45 1 200 255] !=  [45 0 200 255] difference 1 G
YUYV [219 220 36 134] pixel 17676726 [227 183 255 255] !=  [227 182 255 255] difference 1 G
YUYV [220 220 35 134] pixel 17676728 [228 184 255 255] !=  [228 183 255 255] difference 1 G
YUYV [221 220 34 134] pixel 17676730 [229 185 255 255] !=  [229 184 255 255] difference 1 G
YUYV [222 220 33 134] pixel 17676732 [230 186 255 255] !=  [230 185 255 255] difference 1 G
YUYV [223 220 32 134] pixel 17676734 [231 187 255 255] !=  [231 186 255 255] difference 1 G
YUYV [224 220 31 134] pixel 17676736 [232 188 255 255] !=  [232 187 255 255] difference 1 G
YUYV [225 220 30 134] pixel 17676738 [233 189 255 255] !=  [233 188 255 255] difference 1 G
YUYV [226 220 29 134] pixel 17676740 [234 190 255 255] !=  [234 189 255 255] difference 1 G
YUYV [227 220 28 134] pixel 17676742 [235 191 255 255] !=  [235 190 255 255] difference 1 G
YUYV [228 220 27 134] pixel 17676744 [236 192 255 255] !=  [236 191 255 255] difference 1 G
YUYV [229 220 26 134] pixel 17676746 [237 193 255 255] !=  [237 192 255 255] difference 1 G
YUYV [230 220 25 134] pixel 17676748 [238 194 255 255] !=  [238 193 255 255] difference 1 G
YUYV [231 220 24 134] pixel 17676750 [239 195 255 255] !=  [239 194 255 255] difference 1 G
YUYV [232 220 23 134] pixel 17676752 [240 196 255 255] !=  [240 195 255 255] difference 1 G
YUYV [233 220 22 134] pixel 17676754 [241 197 255 255] !=  [241 196 255 255] difference 1 G
YUYV [234 220 21 134] pixel 17676756 [242 198 255 255] !=  [242 197 255 255] difference 1 G
YUYV [235 220 20 134] pixel 17676758 [243 199 255 255] !=  [243 198 255 255] difference 1 G
YUYV [236 220 19 134] pixel 17676760 [244 200 255 255] !=  [244 199 255 255] difference 1 G
YUYV [237 220 18 134] pixel 17676762 [245 201 255 255] !=  [245 200 255 255] difference 1 G
YUYV [238 220 17 134] pixel 17676764 [246 202 255 255] !=  [246 201 255 255] difference 1 G
YUYV [239 220 16 134] pixel 17676766 [247 203 255 255] !=  [247 202 255 255] difference 1 G
YUYV [240 220 15 134] pixel 17676768 [248 204 255 255] !=  [248 203 255 255] difference 1 G
YUYV [241 220 14 134] pixel 17676770 [249 205 255 255] !=  [249 204 255 255] difference 1 G
YUYV [242 220 13 134] pixel 17676772 [250 206 255 255] !=  [250 205 255 255] difference 1 G
YUYV [243 220 12 134] pixel 17676774 [251 207 255 255] !=  [251 206 255 255] difference 1 G
YUYV [244 220 11 134] pixel 17676776 [252 208 255 255] !=  [252 207 255 255] difference 1 G
YUYV [245 220 10 134] pixel 17676778 [253 209 255 255] !=  [253 208 255 255] difference 1 G
YUYV [246 220 9 134] pixel 17676780 [254 210 255 255] !=  [254 209 255 255] difference 1 G
YUYV [247 220 8 134] pixel 17676782 [255 211 255 255] !=  [255 210 255 255] difference 1 G
YUYV [248 220 7 134] pixel 17676784 [255 212 255 255] !=  [255 211 255 255] difference 1 G
YUYV [249 220 6 134] pixel 17676786 [255 213 255 255] !=  [255 212 255 255] difference 1 G
YUYV [250 220 5 134] pixel 17676788 [255 214 255 255] !=  [255 213 255 255] difference 1 G
YUYV [251 220 4 134] pixel 17676790 [255 215 255 255] !=  [255 214 255 255] difference 1 G
YUYV [252 220 3 134] pixel 17676792 [255 216 255 255] !=  [255 215 255 255] difference 1 G
YUYV [253 220 2 134] pixel 17676794 [255 217 255 255] !=  [255 216 255 255] difference 1 G
YUYV [254 220 1 134] pixel 17676796 [255 218 255 255] !=  [255 217 255 255] difference 1 G
YUYV [255 220 0 134] pixel 17676798 [255 219 255 255] !=  [255 218 255 255] difference 1 G
there were 374 mismatches of 33554432 pixels
